------------------------
784
8 8 -90
------------------------
1747
9 5 -96
------------------------
2677
7 5 -1600
------------------------
4063
10 8 -12
------------------------
6581
6 5 -1600
------------------------
10454
10 6 -1598
------------------------
12286
11 5 -8
------------------------
15653
8 4 -1608
------------------------
17376
7 3 -16
------------------------
20707
10 9 -1616
------------------------
22540
9 4 -2002
------------------------
24496
9 6 -2006
------------------------
25589
11 6 -114
------------------------
26629
4 9 -2020
------------------------
29902
12 7 -1626
------------------------
31352
11 8 -1630
------------------------
32558
13 6 -34
------------------------
33493
9 9 -2012
------------------------
36223
12 2 -2002
------------------------
37268
10 10 -126
------------------------
39091
11 11 1000000